JavaScript: 0.4000000022351742 ms 
Node.js: 0.323009 ms
Angular: 0.19999999925494194 ms